Error:

{'Fc5.': tensor([ 0.        , -0.00133409, -0.00163795, -0.00163795, -0.00210279,
         -0.00416524, -0.00416524, -0.0006828 , -0.0006828 , -0.00260232,
         -0.01456978, -0.01456978,  0.00119806,  0.00119806,  0.00230535,
          0.00230535, -0.01104656, -0.02588948, -0.02588948,  0.06632617,
          0.06632617,  0.00628052,  0.00628052,  0.00848057,  0.00848057], requires_grad=True),
 'Fc3.': tensor([ 0.00000000e+00,  5.63069024e-04, -2.18122898e-03,
         -2.18122898e-03, -9.12601914e-05, -3.89412238e-03,
         -3.89412238e-03, -1.16851417e-03, -1.16851417e-03,
          1.98855453e-03,  7.61958469e-03,  7.61958469e-03,
         -3.63778465e-04, -3.63778465e-04, -3.34450550e-03,
         -3.34450550e-03,  2.59620569e-02,  1.86595477e-02,
          1.86595477e-02, -6.41831693e-02, -6.41831693e-02,
         -8.72137856e-03, -8.72137856e-03, -7.68169513e-03,
         -7.68169513e-03], requires_grad=True),
 'Fc1.': tensor([ 0.        , -0.00337467, -0.00169191, -0.00169191, -0.0021762 ,
         -0.00642201, -0.00642201, -0.00208603, -0.00208603, -0.01528284,
         -0.00395004, -0.00395004, -0.01122988, -0.01122988, -0.0005765 ,
         -0.0005765 , -0.04691589, -0.00422799, -0.00422799, -0.03477931,
         -0.03477931, -0.00426748, -0.00426748,  0.00156408,  0.00156408], requires_grad=True),
 'Fcz.': tensor([ 0.        ,  0.00109936,  0.00052893,  0.00052893, -0.00761671,
          0.0017409 ,  0.0017409 , -0.00019891, -0.00019891,  0.00279882,
          0.00049477,  0.00049477,  0.0024515 ,  0.0024515 , -0.00085414,
         -0.00085414, -0.05202004,  0.00319823,  0.00319823, -0.07132215,
         -0.07132215,  0.0028105 ,  0.0028105 ,  0.00023781,  0.00023781], requires_grad=True),
 'Fc2.': tensor([ 0.        , -0.00122482, -0.00108385, -0.00108385,  0.00331161,
         -0.00307703, -0.00307703, -0.00153109, -0.00153109, -0.02117902,
         -0.01855038, -0.01855038, -0.0153547 , -0.0153547 ,  0.0033429 ,
          0.0033429 , -0.04480018, -0.0255329 , -0.0255329 , -0.00558015,
         -0.00558015,  0.00595689,  0.00595689,  0.00918774,  0.00918774], requires_grad=True),
 'Fc4.': tensor([ 0.        ,  0.00305494, -0.00268252, -0.00268252,  0.00303112,
         -0.00306601, -0.00306601, -0.00109841, -0.00109841, -0.00689304,
         -0.02907126, -0.02907126,  0.00601116,  0.00601116,  0.00482734,
          0.00482734, -0.02708939, -0.04433894, -0.04433894,  0.11903378,
          0.11903378,  0.0136872 ,  0.0136872 ,  0.01467357,  0.01467357], requires_grad=True),
 'Fc6.': tensor([ 0.        ,  0.00088905, -0.00281978, -0.00281978,  0.00267539,
         -0.00539414, -0.00539414, -0.00227805, -0.00227805,  0.00639123,
         -0.03055022, -0.03055022, -0.00427201, -0.00427201,  0.00535652,
          0.00535652,  0.01606099, -0.05182939, -0.05182939,  0.03718964,
          0.03718964,  0.0151363 ,  0.0151363 ,  0.00896713,  0.00896713], requires_grad=True),
 'C5..': tensor([0.        , 0.        , 0.00013786, 0.00013786, 0.        ,
         0.00030827, 0.00030827, 0.00058426, 0.00058426, 0.        ,
         0.00406219, 0.00406219, 0.        , 0.        , 0.0009163 ,
         0.0009163 , 0.        , 0.00802298, 0.00802298, 0.02553522,
         0.02553522, 0.00274891, 0.00274891, 0.00403351, 0.00403351], requires_grad=True),
 'C3..': tensor([0.        , 0.        , 0.00100337, 0.00100337, 0.        ,
         0.0022436 , 0.0022436 , 0.00115875, 0.00115875, 0.        ,
         0.0070878 , 0.0070878 , 0.        , 0.        , 0.00280795,
         0.00280795, 0.        , 0.01672394, 0.01672394, 0.04736541,
         0.04736541, 0.00842384, 0.00842384, 0.00743135, 0.00743135], requires_grad=True),
 'C1..': tensor([0.        , 0.        , 0.00159564, 0.00159564, 0.        ,
         0.00356797, 0.00356797, 0.00019372, 0.00019372, 0.        ,
         0.02122072, 0.02122072, 0.        , 0.        , 0.00393016,
         0.00393016, 0.        , 0.03999365, 0.03999365, 0.04398856,
         0.04398856, 0.01179049, 0.01179049, 0.00854491, 0.00854491], requires_grad=True),
 'Cz..': tensor([0.        , 0.        , 0.00086383, 0.00086383, 0.        ,
         0.00193158, 0.00193158, 0.00042492, 0.00042492, 0.        ,
         0.00597947, 0.00597947, 0.        , 0.        , 0.0007093 ,
         0.0007093 , 0.        , 0.01036172, 0.01036172, 0.01113999,
         0.01113999, 0.0021279 , 0.0021279 , 0.00154895, 0.00154895], requires_grad=True),
 'C2..': tensor([0.        , 0.        , 0.00261017, 0.00261017, 0.        ,
         0.00583651, 0.00583651, 0.0007558 , 0.0007558 , 0.        ,
         0.0127577 , 0.0127577 , 0.        , 0.        , 0.00077728,
         0.00077728, 0.        , 0.02042691, 0.02042691, 0.02556079,
         0.02556079, 0.00233185, 0.00233185, 0.0038269 , 0.0038269 ], requires_grad=True),
 'C4..': tensor([0.        , 0.        , 0.00236442, 0.00236442, 0.        ,
         0.00528701, 0.00528701, 0.00079201, 0.00079201, 0.        ,
         0.02684729, 0.02684729, 0.        , 0.        , 0.00463709,
         0.00463709, 0.        , 0.04984039, 0.04984039, 0.02367206,
         0.02367206, 0.01391128, 0.01391128, 0.00551174, 0.00551174], requires_grad=True),
 'C6..': tensor([0.        , 0.        , 0.00055231, 0.00055231, 0.        ,
         0.00123499, 0.00123499, 0.00096695, 0.00096695, 0.        ,
         0.01084934, 0.01084934, 0.        , 0.        , 0.00333485,
         0.00333485, 0.        , 0.02344457, 0.02344457, 0.02240884,
         0.02240884, 0.01000456, 0.01000456, 0.00296792, 0.00296792], requires_grad=True),
 'Cp5.': tensor([ 0.00000000e+00, -3.32458096e-04, -3.16517612e-03,
         -3.16517612e-03, -6.85151010e-05, -6.79102600e-03,
         -6.79102600e-03,  7.02021422e-04,  7.02021422e-04,
          7.93580165e-04, -2.91510332e-02, -2.91510332e-02,
         -1.53742844e-04, -1.53742844e-04,  4.57813703e-03,
          4.57813703e-03, -2.82880125e-04, -4.96216473e-02,
         -4.96216473e-02,  3.03906992e-02,  3.03906992e-02,
          1.27736346e-02,  1.27736346e-02,  6.03832992e-03,
          6.03832992e-03], requires_grad=True),
 'Cp3.': tensor([ 0.        ,  0.00119825, -0.00217696, -0.00217696,  0.001328  ,
         -0.00342051, -0.00342051, -0.00254845, -0.00254845, -0.00226566,
         -0.00795505, -0.00795505,  0.00149935,  0.00149935,  0.00045246,
          0.00045246, -0.0073075 , -0.0088734 , -0.0088734 ,  0.04918452,
          0.04918452,  0.00151946,  0.00151946,  0.00467855,  0.00467855], requires_grad=True),
 'Cp1.': tensor([ 0.        , -0.00024761,  0.00376621,  0.00376621,  0.00463626,
          0.0056738 ,  0.0056738 , -0.0009546 , -0.0009546 , -0.02043267,
          0.02269603,  0.02269603, -0.01250026, -0.01250026, -0.00321731,
         -0.00321731, -0.0322117 ,  0.02695093,  0.02695093, -0.05890674,
         -0.05890674, -0.00704432, -0.00704432, -0.00451355, -0.00451355], requires_grad=True),
 'Cpz.': tensor([ 0.00000000e+00,  7.32903768e-04, -3.83633762e-04,
         -3.83633762e-04, -3.40622890e-03,  1.15753586e-03,
          1.15753586e-03, -4.03728220e-03, -4.03728220e-03,
          7.09035032e-03, -3.58856524e-04, -3.58856524e-04,
          4.44973686e-03,  4.44973686e-03, -1.41621449e-03,
         -1.41621449e-03, -1.10651682e-01,  2.12652916e-03,
          2.12652916e-03, -1.44381430e-01, -1.44381430e-01,
          1.87113424e-03,  1.87113424e-03,  1.07444957e-04,
          1.07444957e-04], requires_grad=True),
 'Cp2.': tensor([ 0.00000000e+00, -7.85077324e-04,  2.89295884e-05,
          2.89295884e-05,  1.04079217e-03, -8.32105377e-04,
         -8.32105377e-04, -1.31609038e-03, -1.31609038e-03,
          1.65936939e-03, -7.56364332e-03, -7.56364332e-03,
         -1.31182932e-03, -1.31182932e-03,  1.08784462e-03,
          1.08784462e-03,  5.05125987e-02, -1.12493225e-02,
         -1.12493225e-02,  8.76724268e-02,  8.76724268e-02,
          1.59136994e-03,  1.59136994e-03,  4.33437169e-03,
          4.33437169e-03], requires_grad=True),
 'Cp4.': tensor([ 0.        ,  0.00117382,  0.00222862,  0.00222862,  0.00137531,
          0.00528333,  0.00528333, -0.00081812, -0.00081812,  0.00105561,
          0.02588125,  0.02588125,  0.00025389,  0.00025389, -0.00481   ,
         -0.00481   ,  0.00826942,  0.04394787,  0.04394787, -0.04364491,
         -0.04364491, -0.01246446, -0.01246446, -0.0073793 , -0.0073793 ], requires_grad=True),
 'Cp6.': tensor([ 0.        ,  0.00171967,  0.00199469,  0.00199469,  0.00258077,
          0.00515413,  0.00515413,  0.00252665,  0.00252665, -0.00092303,
          0.00648281,  0.00648281,  0.00223894,  0.00223894,  0.00032268,
          0.00032268, -0.00694737,  0.01020525,  0.01020525, -0.03192643,
         -0.03192643,  0.0011099 ,  0.0011099 , -0.00497646, -0.00497646], requires_grad=True),
 'Fp1.': tensor([ 0.        ,  0.0017751 , -0.00019559, -0.00019559, -0.00175846,
          0.00253257,  0.00253257,  0.0005159 ,  0.0005159 ,  0.00156417,
          0.00530417,  0.00530417,  0.00240359,  0.00240359,  0.00090872,
          0.00090872,  0.00902807,  0.00707581,  0.00707581,  0.00549267,
          0.00549267,  0.00476412,  0.00476412,  0.00223007,  0.00223007], requires_grad=True),
 'Fpz.': tensor([ 0.00000000e+00,  2.19871130e-03, -4.86610954e-05,
         -4.86610954e-05,  2.36543674e-03,  3.47597818e-03,
          3.47597818e-03, -7.40442730e-05, -7.40442730e-05,
          1.38075243e-02, -4.55182867e-05, -4.55182867e-05,
          9.40046408e-03,  9.40046408e-03, -2.67499104e-04,
         -2.67499104e-04, -3.98282584e-02,  6.38577967e-03,
          6.38577967e-03, -4.87613761e-02, -4.87613761e-02,
          5.62891038e-03,  5.62891038e-03,  8.53499579e-04,
          8.53499579e-04], requires_grad=True),
 'Fp2.': tensor([ 0.        ,  0.0032409 ,  0.00046375,  0.00046375, -0.00488084,
          0.00520084,  0.00520084,  0.00142197,  0.00142197,  0.01014723,
          0.00368704,  0.00368704,  0.00870363,  0.00870363,  0.0019029 ,
          0.0019029 ,  0.05742496,  0.00966414,  0.00966414,  0.06653247,
          0.06653247,  0.00894394,  0.00894394,  0.00149833,  0.00149833], requires_grad=True),
 'Af7.': tensor([ 0.        , -0.00227761, -0.00089077, -0.00089077,  0.0056401 ,
         -0.0040548 , -0.0040548 ,  0.00171979,  0.00171979, -0.03216247,
         -0.01459621, -0.01459621, -0.0191574 , -0.0191574 ,  0.00302815,
          0.00302815, -0.05709251,  0.01648208,  0.01648208, -0.06416146,
         -0.06416146,  0.00269558,  0.00269558,  0.00253945,  0.00253945], requires_grad=True),
 'Af3.': tensor([ 0.        ,  0.00269653, -0.00135109, -0.00135109,  0.00200666,
          0.00272754,  0.00272754,  0.00225579,  0.00225579,  0.01327493,
          0.01103901,  0.01103901,  0.0106188 ,  0.0106188 ,  0.00166251,
          0.00166251,  0.00052034,  0.01243313,  0.01243313,  0.01411898,
          0.01411898,  0.0073642 ,  0.0073642 ,  0.00483453,  0.00483453], requires_grad=True),
 'Afz.': tensor([ 0.00000000e+00,  1.85668955e-03,  2.16151653e-05,
          2.16151653e-05, -5.10934336e-03,  2.93586760e-03,
          2.93586760e-03, -1.47407700e-03, -1.47407700e-03,
          2.14203215e-02,  2.02191357e-05,  2.02191357e-05,
          1.32351107e-02,  1.32351107e-02, -1.13094726e-03,
         -1.13094726e-03, -2.60232445e-02,  5.39353318e-03,
          5.39353318e-03, -3.76671260e-02, -3.76671260e-02,
          4.74345879e-03,  4.74345879e-03,  2.22989146e-04,
          2.22989146e-04], requires_grad=True),
 'Af4.': tensor([ 0.        ,  0.0006444 , -0.00068881, -0.00068881, -0.00262959,
          0.00033405,  0.00033405, -0.00062797, -0.00062797, -0.01829579,
         -0.00291433, -0.00291433, -0.00979132, -0.00979132, -0.00023309,
         -0.00023309, -0.05819064, -0.00182397, -0.00182397,  0.09733398,
          0.09733398,  0.00101342,  0.00101342, -0.00255575, -0.00255575], requires_grad=True),
 'Af8.': tensor([ 0.        ,  0.00312145, -0.00246279, -0.00246279,  0.00142962,
          0.00046358,  0.00046358, -0.00178279, -0.00178279,  0.01519361,
         -0.00883534, -0.00883534,  0.01109359,  0.01109359, -0.00022881,
         -0.00022881,  0.03041859,  0.00873287,  0.00873287,  0.06368211,
          0.06368211,  0.0034858 ,  0.0034858 ,  0.00190011,  0.00190011], requires_grad=True),
 'F7..': tensor([ 0.        ,  0.00067574, -0.00069178, -0.00069178, -0.0008596 ,
         -0.00062557, -0.00062557, -0.00257117, -0.00257117, -0.01182652,
          0.01353808,  0.01353808,  0.00677132,  0.00677132, -0.00414323,
         -0.00414323,  0.04147779,  0.02432088,  0.02432088,  0.0360622 ,
          0.0360622 , -0.00972148, -0.00972148, -0.00609916, -0.00609916], requires_grad=True),
 'F5..': tensor([ 0.        ,  0.00129012,  0.0014472 ,  0.0014472 , -0.00202155,
          0.00378908,  0.00378908,  0.00376778,  0.00376778,  0.01923104,
         -0.00693158, -0.00693158,  0.01280139,  0.01280139,  0.00266797,
          0.00266797,  0.04497608, -0.01235089, -0.01235089,  0.04863752,
          0.04863752,  0.006995  ,  0.006995  ,  0.00252835,  0.00252835], requires_grad=True),
 'F3..': tensor([ 0.00000000e+00, -2.54264374e-04, -7.50292447e-05,
         -7.50292447e-05, -6.94885324e-03, -4.17927958e-04,
         -4.17927958e-04,  2.62910369e-04,  2.62910369e-04,
          1.55361286e-02,  2.95136366e-04,  2.95136366e-04,
          6.26427008e-03,  6.26427008e-03,  6.62867128e-04,
          6.62867128e-04, -3.68176657e-02, -5.27255244e-04,
         -5.27255244e-04, -7.11075261e-02, -7.11075261e-02,
          9.44709660e-04,  9.44709660e-04, -1.67386589e-03,
         -1.67386589e-03], requires_grad=True),
 'F1..': tensor([ 0.        , -0.00259281,  0.00043154,  0.00043154,  0.00352933,
         -0.00344473, -0.00344473,  0.00041538,  0.00041538,  0.00426284,
          0.00705112,  0.00705112,  0.0005659 ,  0.0005659 ,  0.00030335,
          0.00030335,  0.01516286,  0.00098919,  0.00098919,  0.02301354,
          0.02301354, -0.00495816, -0.00495816,  0.00245319,  0.00245319], requires_grad=True),
 'Fz..': tensor([ 0.00000000e+00,  1.78339917e-03, -1.54176658e-03,
         -1.54176658e-03, -5.72435691e-03,  2.80721832e-03,
          2.80721832e-03, -5.32090733e-05, -5.32090733e-05,
          1.36955714e-02, -1.44219058e-03, -1.44219058e-03,
          8.99223335e-03,  8.99223335e-03,  1.34243797e-03,
          1.34243797e-03, -7.08498700e-02,  5.15718936e-03,
          5.15718936e-03, -9.36996940e-02, -9.36996940e-02,
          4.58330056e-03,  4.58330056e-03, -1.22959302e-04,
         -1.22959302e-04], requires_grad=True),
 'F2..': tensor([ 0.        ,  0.00031437,  0.0005002 ,  0.0005002 ,  0.00263046,
          0.00088058,  0.00088058, -0.00068017, -0.00068017, -0.00055114,
          0.00079044,  0.00079044, -0.00064798, -0.00064798,  0.00122424,
          0.00122424, -0.05272502,  0.00158855,  0.00158855,  0.06967404,
          0.06967404,  0.00202009,  0.00202009,  0.0014457 ,  0.0014457 ], requires_grad=True),
 'F4..': tensor([ 0.        ,  0.00138255, -0.00161519, -0.00161519, -0.00264376,
         -0.00058427, -0.00058427, -0.00248981, -0.00248981,  0.00967726,
         -0.00437295, -0.00437295,  0.00626571,  0.00626571, -0.00065016,
         -0.00065016,  0.00594614,  0.00366513,  0.00366513,  0.03981716,
          0.03981716,  0.00042937,  0.00042937,  0.00414517,  0.00414517], requires_grad=True),
 'F6..': tensor([ 0.00000000e+00,  1.97492047e-05,  2.52258206e-03,
          2.52258206e-03, -1.29200609e-04,  4.27777814e-03,
          4.27777814e-03,  3.14350854e-03,  3.14350854e-03,
         -6.81666601e-03,  3.46275948e-03,  3.46275948e-03,
         -1.64460044e-03, -1.64460044e-03,  1.62494774e-03,
          1.62494774e-03, -5.01251239e-02,  1.19722381e-03,
          1.19722381e-03, -9.60838370e-02, -9.60838370e-02,
          3.69357399e-03,  3.69357399e-03, -3.69111166e-03,
         -3.69111166e-03], requires_grad=True),
 'F8..': tensor([ 0.        , -0.00120538, -0.00179673, -0.00179673, -0.00582701,
         -0.00436065, -0.00436065,  0.00050362,  0.00050362, -0.02141715,
         -0.02130507, -0.02130507,  0.01076088,  0.01076088,  0.00373509,
          0.00373509,  0.05165965, -0.03312592, -0.03312592,  0.10050835,
          0.10050835,  0.00841055,  0.00841055,  0.00797109,  0.00797109], requires_grad=True),
 'Ft7.': tensor([ 0.        ,  0.00119389,  0.00215522,  0.00215522,  0.00027581,
          0.00517845,  0.00517845,  0.00281561,  0.00281561, -0.00560658,
         -0.01201975, -0.01201975,  0.00400441,  0.00400441,  0.00518173,
          0.00518173, -0.01327522, -0.0267999 , -0.0267999 ,  0.06441511,
          0.06441511,  0.0149126 ,  0.0149126 ,  0.01274026,  0.01274026], requires_grad=True),
 'Ft8.': tensor([ 0.        , -0.00019862,  0.0019558 ,  0.0019558 , -0.00279926,
          0.00406044,  0.00406044, -0.00044702, -0.00044702, -0.00810686,
          0.00783476,  0.00783476,  0.00430938,  0.00430938, -0.00014129,
         -0.00014129, -0.00981075,  0.0109926 ,  0.0109926 ,  0.05205939,
          0.05205939, -0.00041795, -0.00041795,  0.00724943,  0.00724943], requires_grad=True),
 'T7..': tensor([0.        , 0.        , 0.00148519, 0.00148519, 0.        ,
         0.00332098, 0.00332098, 0.00092762, 0.00092762, 0.        ,
         0.00248775, 0.00248775, 0.        , 0.        , 0.00079356,
         0.00079356, 0.        , 0.0018445 , 0.0018445 , 0.01887861,
         0.01887861, 0.00238069, 0.00238069, 0.00478127, 0.00478127], requires_grad=True),
 'T8..': tensor([0.        , 0.        , 0.00058735, 0.00058735, 0.        ,
         0.00131335, 0.00131335, 0.00170101, 0.00170101, 0.        ,
         0.00332881, 0.00332881, 0.        , 0.        , 0.0002918 ,
         0.0002918 , 0.        , 0.00553521, 0.00553521, 0.00428544,
         0.00428544, 0.0008754 , 0.0008754 , 0.00141669, 0.00141669], requires_grad=True),
 'T9..': tensor([0.        , 0.        , 0.00375292, 0.00375292, 0.        ,
         0.00839178, 0.00839178, 0.00046008, 0.00046008, 0.        ,
         0.01903419, 0.01903419, 0.        , 0.        , 0.00129199,
         0.00129199, 0.        , 0.03078624, 0.03078624, 0.02563327,
         0.02563327, 0.00387598, 0.00387598, 0.00549736, 0.00549736], requires_grad=True),
 'T10.': tensor([0.        , 0.        , 0.00289011, 0.00289011, 0.        ,
         0.00646248, 0.00646248, 0.0011156 , 0.0011156 , 0.        ,
         0.02111266, 0.02111266, 0.        , 0.        , 0.00267069,
         0.00267069, 0.        , 0.03693616, 0.03693616, 0.02335385,
         0.02335385, 0.00801207, 0.00801207, 0.0029674 , 0.0029674 ], requires_grad=True),
 'Tp7.': tensor([ 0.        , -0.00085824, -0.00055906, -0.00055906, -0.00341427,
         -0.00160604, -0.00160604, -0.00382852, -0.00382852, -0.00538268,
          0.00178601,  0.00178601,  0.00220808,  0.00220808, -0.00101196,
         -0.00101196,  0.00169343,  0.00378188,  0.00378188,  0.04406756,
          0.04406756, -0.00294685, -0.00294685,  0.00423472,  0.00423472], requires_grad=True),
 'Tp8.': tensor([ 0.        ,  0.00048542, -0.00175978, -0.00175978, -0.00204232,
         -0.00350912, -0.00350912, -0.00028772, -0.00028772, -0.01004738,
          0.00312172,  0.00312172,  0.00595794,  0.00595794, -0.00250579,
         -0.00250579, -0.01827359,  0.01024534,  0.01024534, -0.00708467,
         -0.00708467, -0.00712022, -0.00712022, -0.00222199, -0.00222199], requires_grad=True),
 'P7..': tensor([ 0.        , -0.00088779,  0.00142227,  0.00142227,  0.0001812 ,
          0.00174206,  0.00174206,  0.00159286,  0.00159286,  0.00183173,
         -0.00403059, -0.00403059, -0.00169314, -0.00169314,  0.00250617,
          0.00250617,  0.01201651, -0.00998204, -0.00998204,  0.02465302,
          0.02465302,  0.00560709,  0.00560709,  0.00372639,  0.00372639], requires_grad=True),
 'P5..': tensor([ 0.        ,  0.00309795, -0.00062822, -0.00062822, -0.00296772,
          0.00214448,  0.00214448, -0.00502838, -0.00502838,  0.02094765,
          0.01728968,  0.01728968,  0.0134413 ,  0.0134413 , -0.00465986,
         -0.00465986,  0.00551807,  0.02995652,  0.02995652,  0.02726001,
          0.02726001, -0.00839819, -0.00839819, -0.0019542 , -0.0019542 ], requires_grad=True),
 'P3..': tensor([ 0.00000000e+00,  3.88971330e-05, -1.16499053e-04,
         -1.16499053e-04,  7.14914973e-03, -1.16162725e-04,
         -1.16162725e-04,  9.50439466e-04,  9.50439466e-04,
         -2.18561399e-02,  6.95831164e-04,  6.95831164e-04,
         -1.10259367e-02, -1.10259367e-02, -2.49471455e-06,
         -2.49471455e-06, -9.89524398e-03, -1.05152467e-03,
         -1.05152467e-03, -1.40029179e-02, -1.40029179e-02,
          4.20586899e-05,  4.20586899e-05, -8.07340362e-04,
         -8.07340362e-04], requires_grad=True),
 'P1..': tensor([ 0.        , -0.00330129, -0.0019805 , -0.0019805 , -0.00143809,
         -0.00646875, -0.00646875, -0.00023451, -0.00023451, -0.00920883,
         -0.00032975, -0.00032975, -0.0079507 , -0.0079507 , -0.00228955,
         -0.00228955,  0.02053147, -0.00782455, -0.00782455,  0.00947484,
          0.00947484, -0.0092675 , -0.0092675 , -0.00156053, -0.00156053], requires_grad=True),
 'Pz..': tensor([ 0.00000000e+00,  2.19871130e-04,  2.24235701e-05,
          2.24235701e-05, -8.08979365e-03,  3.47669345e-04,
          3.47669345e-04, -2.00925752e-05, -2.00925752e-05,
          6.75449162e-03,  2.09753292e-05,  2.09753292e-05,
          3.88334280e-03,  3.88334280e-03, -1.61078544e-03,
         -1.61078544e-03, -7.02680495e-02,  6.38709371e-04,
          6.38709371e-04, -9.46156610e-02, -9.46156610e-02,
          5.61077602e-04,  5.61077602e-04,  2.30575652e-05,
          2.30575652e-05], requires_grad=True),
 'P2..': tensor([ 0.        ,  0.0036613 , -0.00026665, -0.00026665, -0.00110693,
          0.00513966,  0.00513966,  0.00044127,  0.00044127,  0.00851705,
          0.0064957 ,  0.0064957 ,  0.00808561,  0.00808561, -0.00109318,
         -0.00109318,  0.02960258,  0.01149532,  0.01149532,  0.03841359,
          0.03841359,  0.00622285,  0.00622285,  0.00247388,  0.00247388], requires_grad=True),
 'P4..': tensor([ 0.        ,  0.00055193,  0.002798  ,  0.002798  ,  0.00170865,
          0.00462262,  0.00462262,  0.00024507,  0.00024507,  0.002363  ,
         -0.00792567, -0.00792567, -0.00062355, -0.00062355,  0.00310974,
          0.00310974,  0.02498754,  0.01419956,  0.01419956,  0.05224498,
          0.05224498,  0.00654524,  0.00654524,  0.00665215,  0.00665215], requires_grad=True),
 'P6..': tensor([ 0.        ,  0.00107024,  0.00236209,  0.00236209,  0.00124275,
          0.00510798,  0.00510798,  0.00379782,  0.00379782,  0.00389349,
         -0.00125936, -0.00125936,  0.00428473,  0.00428473,  0.00204259,
          0.00204259,  0.00908834, -0.00519944, -0.00519944, -0.0283012 ,
         -0.0283012 ,  0.00541229,  0.00541229, -0.00367452, -0.00367452], requires_grad=True),
 'P8..': tensor([ 0.        , -0.00052134,  0.00107756,  0.00107756, -0.00270464,
          0.00146223,  0.00146223, -0.00023346, -0.00023346, -0.00693791,
          0.00867632,  0.00867632,  0.00339497,  0.00339497, -0.00108248,
         -0.00108248,  0.01140825,  0.01198962,  0.01198962, -0.00472238,
         -0.00472238, -0.00289499, -0.00289499, -0.00371101, -0.00371101], requires_grad=True),
 'Po7.': tensor([ 0.        , -0.00111658,  0.0009562 ,  0.0009562 ,  0.00095421,
         -0.00017642, -0.00017642,  0.0003182 ,  0.0003182 , -0.01902517,
          0.00635469,  0.00635469, -0.01127763, -0.01127763, -0.00084758,
         -0.00084758, -0.05580101, -0.00690718, -0.00690718, -0.07822532,
         -0.07822532, -0.00300337, -0.00300337, -0.00121518, -0.00121518], requires_grad=True),
 'Po3.': tensor([ 0.        , -0.00363087,  0.00078706,  0.00078706,  0.00063471,
         -0.00460996, -0.00460996, -0.00065972, -0.00065972, -0.02146778,
         -0.00185169, -0.00185169, -0.01574185, -0.01574185,  0.00116707,
          0.00116707, -0.02468307, -0.00704351, -0.00704351, -0.0125675 ,
         -0.0125675 , -0.00591275, -0.00591275, -0.00079693, -0.00079693], requires_grad=True),
 'Poz.': tensor([ 0.        ,  0.00574108,  0.00101508,  0.00101508, -0.0005204 ,
          0.00910411,  0.00910411, -0.00058479, -0.00058479,  0.03190658,
          0.00094952,  0.00094952,  0.02224555,  0.02224555, -0.00028379,
         -0.00028379, -0.02414555,  0.01672532,  0.01672532, -0.0313696 ,
         -0.0313696 ,  0.01469714,  0.01469714,  0.00044084,  0.00044084], requires_grad=True),
 'Po4.': tensor([ 0.        , -0.00050381, -0.00063818, -0.00063818, -0.00220382,
         -0.00128938, -0.00128938,  0.0003967 ,  0.0003967 , -0.00534657,
         -0.00536637, -0.00536637, -0.00283337, -0.00283337, -0.00345288,
         -0.00345288,  0.02260307, -0.00569793, -0.00569793,  0.02319534,
          0.02319534, -0.00504342, -0.00504342, -0.00199325, -0.00199325], requires_grad=True),
 'Po8.': tensor([ 0.        , -0.00311985, -0.00069801, -0.00069801, -0.00178969,
         -0.00489826, -0.00489826,  0.00029698,  0.00029698, -0.01223336,
         -0.00663419, -0.00663419, -0.00903092, -0.00903092,  0.00156813,
          0.00156813, -0.05722912,  0.00559438,  0.00559438, -0.06062804,
         -0.06062804, -0.00149683, -0.00149683,  0.00227273,  0.00227273], requires_grad=True),
 'O1..': tensor([ 0.        , -0.00071678, -0.00079739, -0.00079739,  0.00609479,
         -0.00162623, -0.00162623,  0.0002671 ,  0.0002671 ,  0.00499739,
          0.00698082,  0.00698082,  0.00231245,  0.00231245,  0.00101263,
          0.00101263, -0.02572248,  0.00232371,  0.00232371, -0.03557011,
         -0.03557011, -0.00064526, -0.00064526,  0.00127386,  0.00127386], requires_grad=True),
 'Oz..': tensor([ 0.00000000e+00,  3.02933557e-03,  1.90967483e-04,
          1.90967483e-04, -2.55467168e-03,  4.79244761e-03,
          4.79244761e-03, -8.61545491e-05, -8.61545491e-05,
          1.73900171e-02,  1.78633723e-04,  1.78633723e-04,
          1.20567389e-02,  1.20567389e-02, -5.40199789e-04,
         -5.40199789e-04,  2.16860371e-03,  8.80428844e-03,
          8.80428844e-03,  8.61844219e-04,  8.61844219e-04,
          7.75031540e-03,  7.75031540e-03, -3.92080643e-04,
         -3.92080643e-04], requires_grad=True),
 'O2..': tensor([ 0.        , -0.00567609,  0.00033843,  0.00033843, -0.00322503,
         -0.00831038, -0.00831038, -0.00093491, -0.00093491, -0.02810335,
         -0.01098023, -0.01098023, -0.02018942, -0.02018942, -0.00256763,
         -0.00256763, -0.01681005, -0.01865857, -0.01865857, -0.00411462,
         -0.00411462, -0.01479928, -0.01479928, -0.00510094, -0.00510094], requires_grad=True),
 'Iz..': tensor([ 0.00000000e+00,  2.32086193e-03,  1.01988639e-04,
          1.01988639e-04,  1.18271837e-03,  3.67068817e-03,
          3.67068817e-03, -1.67399282e-03, -1.67399282e-03,
          8.02329115e-03,  9.54016364e-05,  9.54016364e-05,
          6.30885035e-03,  6.30885035e-03, -2.39549160e-03,
         -2.39549160e-03, -8.80664678e-03,  6.74348477e-03,
          6.74348477e-03, -1.17083857e-02, -1.17083857e-02,
          5.91130373e-03,  5.91130373e-03, -3.53685131e-04,
         -3.53685131e-04], requires_grad=True)}


MAX:
{'Fc5.': tensor(0.06632617, requires_grad=True),
 'Fc3.': tensor(0.02596206, requires_grad=True),
 'Fc1.': tensor(0.00156408, requires_grad=True),
 'Fcz.': tensor(0.00319823, requires_grad=True),
 'Fc2.': tensor(0.00918774, requires_grad=True),
 'Fc4.': tensor(0.11903378, requires_grad=True),
 'Fc6.': tensor(0.03718964, requires_grad=True),
 'C5..': tensor(0.02553522, requires_grad=True),
 'C3..': tensor(0.04736541, requires_grad=True),
 'C1..': tensor(0.04398856, requires_grad=True),
 'Cz..': tensor(0.01113999, requires_grad=True),
 'C2..': tensor(0.02556079, requires_grad=True),
 'C4..': tensor(0.04984039, requires_grad=True),
 'C6..': tensor(0.02344457, requires_grad=True),
 'Cp5.': tensor(0.0303907, requires_grad=True),
 'Cp3.': tensor(0.04918452, requires_grad=True),
 'Cp1.': tensor(0.02695093, requires_grad=True),
 'Cpz.': tensor(0.00709035, requires_grad=True),
 'Cp2.': tensor(0.08767243, requires_grad=True),
 'Cp4.': tensor(0.04394787, requires_grad=True),
 'Cp6.': tensor(0.01020525, requires_grad=True),
 'Fp1.': tensor(0.00902807, requires_grad=True),
 'Fpz.': tensor(0.01380752, requires_grad=True),
 'Fp2.': tensor(0.06653247, requires_grad=True),
 'Af7.': tensor(0.01648208, requires_grad=True),
 'Af3.': tensor(0.01411898, requires_grad=True),
 'Afz.': tensor(0.02142032, requires_grad=True),
 'Af4.': tensor(0.09733398, requires_grad=True),
 'Af8.': tensor(0.06368211, requires_grad=True),
 'F7..': tensor(0.04147779, requires_grad=True),
 'F5..': tensor(0.04863752, requires_grad=True),
 'F3..': tensor(0.01553613, requires_grad=True),
 'F1..': tensor(0.02301354, requires_grad=True),
 'Fz..': tensor(0.01369557, requires_grad=True),
 'F2..': tensor(0.06967404, requires_grad=True),
 'F4..': tensor(0.03981716, requires_grad=True),
 'F6..': tensor(0.00427778, requires_grad=True),
 'F8..': tensor(0.10050835, requires_grad=True),
 'Ft7.': tensor(0.06441511, requires_grad=True),
 'Ft8.': tensor(0.05205939, requires_grad=True),
 'T7..': tensor(0.01887861, requires_grad=True),
 'T8..': tensor(0.00553521, requires_grad=True),
 'T9..': tensor(0.03078624, requires_grad=True),
 'T10.': tensor(0.03693616, requires_grad=True),
 'Tp7.': tensor(0.04406756, requires_grad=True),
 'Tp8.': tensor(0.01024534, requires_grad=True),
 'P7..': tensor(0.02465302, requires_grad=True),
 'P5..': tensor(0.02995652, requires_grad=True),
 'P3..': tensor(0.00714915, requires_grad=True),
 'P1..': tensor(0.02053147, requires_grad=True),
 'Pz..': tensor(0.00675449, requires_grad=True),
 'P2..': tensor(0.03841359, requires_grad=True),
 'P4..': tensor(0.05224498, requires_grad=True),
 'P6..': tensor(0.00908834, requires_grad=True),
 'P8..': tensor(0.01198962, requires_grad=True),
 'Po7.': tensor(0.00635469, requires_grad=True),
 'Po3.': tensor(0.00116707, requires_grad=True),
 'Poz.': tensor(0.03190658, requires_grad=True),
 'Po4.': tensor(0.02319534, requires_grad=True),
 'Po8.': tensor(0.00559438, requires_grad=True),
 'O1..': tensor(0.00698082, requires_grad=True),
 'Oz..': tensor(0.01739002, requires_grad=True),
 'O2..': tensor(0.00033843, requires_grad=True),
 'Iz..': tensor(0.00802329, requires_grad=True)}